0.140009850621789 -0.140009850621791 -0.078377901691077 0.010007280754081 0.051624668176631 0.003335760251361 -0.008058212951335 -0.007932493636371 0.030567882685506 0.000000000000001 -0.000000000000001 -0.011079676722160 -0.012433259463865 -0.003620730622742 -0.000000000000001 0.166763084136235 -0.002881799763442 -0.060564796515968 -0.168805309030379 -0.057229036264607 0.053893276013246 -0.008183932266300 -0.032484290435272 0.008058212951337 -0.030567882685506 -0.048011473516260 -0.022635389049135 -0.017443590830753 0.007932493636370 0.005191798218383 0.007932493636371 0.007932493636371 0.007932493636370 0.001793600344083 0.014666877410326 -0.001571067595640 0.000000000000000 -0.003620730622742 0.000000000000000 0.000000000000000 0.003620730622742 0.000000000000000 0.136389119999050
-0.140009850621791 0.140009850621785 0.078377901691079 -0.010007280754081 -0.051624668176632 -0.003335760251360 0.008058212951336 0.007932493636371 -0.030567882685508 -0.000000000000000 0.000000000000000 0.011079676722160 0.012433259463866 0.003620730622740 -0.000000000000002 -0.166763084136238 0.002881799763443 0.060564796515969 0.168805309030381 0.057229036264608 -0.053893276013247 0.008183932266301 0.032484290435275 -0.008058212951336 0.030567882685509 0.048011473516261 0.022635389049138 0.017443590830753 -0.007932493636372 -0.005191798218384 -0.007932493636371 -0.007932493636372 -0.007932493636372 -0.001793600344083 -0.014666877410325 0.001571067595644 0.000000000000000 0.003620730622740 0.000000000000001 -0.000000000000000 -0.003620730622740 0.000000000000000 -0.136389119999045
-0.078377901691077 0.078377901691079 0.231158323465794 0.115834238894268 0.036946182880444 0.038611412964758 -0.002655613254174 -0.002281427877963 0.018129750335955 -0.000000000000000 0.000000000000001 0.001771058278874 0.004452125765665 0.009352851277115 -0.000000000000000 -0.346482408037310 -0.068041625522494 -0.088579410743602 -0.081862367814038 -0.049967997778844 0.011356584814087 -0.003029798630387 -0.011370823769120 0.002655613254173 -0.018129750335954 -0.019724496005381 -0.015848322457994 -0.001594745669427 0.002281427877961 0.014253576788568 0.002281427877961 0.002281427877961 0.002281427877962 -0.001371418670044 -0.004513895618963 -0.023606428065683 0.000000000000000 0.009352851277115 0.000000000000000 -0.000000000000000 -0.009352851277115 0.000000000000000 -0.069025050413963
0.010007280754081 -0.010007280754081 0.115834238894268 0.128777910160666 -0.002936390512317 0.042925970053564 0.001696118882840 0.001758643493940 0.003517796914017 0.000000000000001 -0.000000000000001 0.000316630447714 -0.000294958005974 -0.001615929222222 -0.000000000000002 -0.102890567627868 -0.218625365116994 -0.140662457090223 -0.074584095992987 -0.097736487036659 0.054810516983100 0.001633594271742 0.006659426309165 -0.001696118882840 -0.003517796914020 -0.011731137760446 -0.005276440407959 -0.008213340846426 -0.001758643493940 -0.002936900438465 -0.001758643493941 -0.001758643493939 -0.001758643493940 0.000830424592537 0.001344218737360 0.004552829660687 0.000000000000000 -0.001615929222220 0.000000000000001 0.000000000000000 0.001615929222222 0.000000000000000 0.008391351531860
0.051624668176631 -0.051624668176632 0.036946182880444 -0.002936390512316 0.091507241569407 -0.000978796837442 -0.012409945088347 -0.011972565008282 0.045179836107436 -0.000000000000000 -0.000000000000001 -0.009625248890998 -0.007686175692222 0.007348049876594 0.000000000000001 -0.076828756273209 0.147701939831055 -0.008481750169347 -0.176083580851425 -0.009460547006789 0.010439343844233 -0.012847325168428 -0.050514540513558 0.012409945088354 -0.045179836107442 -0.056004831761196 -0.033207271099170 -0.010824995653754 0.011972565008272 0.022382275445416 0.011972565008270 0.011972565008272 0.011972565008270 -0.000408242918496 0.008808763054006 -0.029730325322010 0.000000000000000 0.007348049876595 -0.000000000000000 0.000000000000000 -0.007348049876595 0.000000000000000 0.058972718053230
0.003335760251361 -0.003335760251360 0.038611412964758 0.042925970053565 -0.000978796837441 0.347641990017852 0.000565372960946 0.000586214497985 0.001172598971339 0.000000000000000 0.000000000000000 0.000105543482571 -0.000098319335327 -0.000538643074072 -0.000000000000001 -0.034296855875954 -0.072875121705662 0.286445847636595 -0.024861365330995 -0.365912162345552 0.018270172327700 0.000544531423914 0.002219808769720 -0.000565372960947 -0.001172598971340 -0.003910379253482 -0.001758813469320 -0.002737780282141 -0.000586214497981 -0.000978966812822 -0.000586214497979 -0.000586214497980 -0.000586214497980 0.000276808197512 0.000448072912452 0.001517609886896 0.000000000000000 -0.000538643074073 0.000000000000000 0.000000000000000 0.000538643074074 0.000000000000000 0.002797117177288
-0.008058212951335 0.008058212951336 -0.002655613254174 0.001696118882840 -0.012409945088348 0.000565372960946 0.164974614544811 0.027322788876460 0.012299045251771 -0.000000000000002 0.000000000000002 0.010839875920599 0.011707724523015 0.020822155967874 0.000000000000000 0.007007345391188 -0.025158561668799 0.003873900755860 0.038476382819215 0.004439273716807 -0.005004646677749 0.302626440213207 -0.064797890483959 -0.164974614544817 -0.012299045251775 -0.021984291967245 -0.039621834128206 -0.009685246715471 -0.027322788876428 0.029936587412738 -0.027322788876429 -0.027322788876431 -0.027322788876428 0.017350761558230 0.023861647195860 -0.050758743380610 0.000000000000000 0.020822155967875 0.000000000000000 0.000000000000000 -0.020822155967875 0.000000000000001 0.012763943016537
-0.007932493636371 0.007932493636371 -0.002281427877963 0.001758643493941 -0.011972565008283 0.000586214497984 0.027322788876460 0.035718920110798 0.013680153421935 0.000000000000006 -0.000000000000008 0.001895570084613 -0.000322875268324 0.022731123261561 -0.000000000000002 0.006321499249860 -0.024735494109407 0.004033141745394 0.038593562839540 0.004619356243378 -0.005205570741361 0.018926657642042 0.092498893036949 -0.027322788876404 -0.013680153421920 -0.017294105163219 -0.049399073532730 -0.003613951741297 -0.035718920110815 0.045785121791443 -0.035718920110814 -0.035718920110809 -0.035718920110818 0.031604904673280 0.061314239261946 -0.068516245052998 0.000000000000000 0.022731123261560 0.000000000000000 0.000000000000000 -0.022731123261559 -0.000000000000001 0.014798629625192
0.030567882685506 -0.030567882685508 0.018129750335954 0.003517796914020 0.045179836107439 0.001172598971337 0.012299045251774 0.013680153421932 0.080664776137754 0.000000000000004 0.000000000000000 0.002882197792348 -0.000099840724679 -0.004112236955588 -0.000000000000004 -0.032741703757888 0.050257512313595 0.000153485445062 -0.046279259064390 0.001326084416400 -0.002498683387743 0.010917937081631 0.046433964666811 -0.012299045251776 -0.080664776137770 -0.183134338883936 -0.094344929559686 -0.102469562746168 -0.013680153421923 -0.008124633186483 -0.013680153421919 -0.013680153421918 -0.013680153421918 0.007815917112538 0.012749636432727 0.012236870142064 0.000000000000000 -0.004112236955580 0.000000000000001 -0.000000000000000 0.004112236955583 0.000000000000001 0.026455645729923
0.000000000000001 -0.000000000000000 -0.000000000000000 0.000000000000001 -0.000000000000001 0.000000000000000 -0.000000000000002 0.000000000000008 0.000000000000001 0.375000000000002 0.124999999999998 -0.000000000000003 -0.000000000000002 0.000000000000003 0.000000000000000 0.000000000000001 0.000000000000000 0.000000000000000 -0.000000000000001 0.000000000000000 0.000000000000001 0.000000000000002 0.000000000000000 0.000000000000001 -0.000000000000000 0.000000000000001 -0.000000000000000 -0.000000000000001 0.375000000000000 0.000000000000003 0.000000000000000 -0.249999999999998 -0.125000000000000 -0.000000000000003 -0.000000000000002 0.000000000000002 0.000000000000000 0.000000000000000 0.000000000000000 0.000000000000000 -0.000000000000000 0.000000000000000 -0.000000000000003
-0.000000000000001 0.000000000000000 0.000000000000001 -0.000000000000001 -0.000000000000000 0.000000000000000 0.000000000000003 -0.000000000000008 0.000000000000000 0.125000000000000 0.375000000000002 0.000000000000002 0.000000000000000 -0.000000000000000 0.000000000000000 0.000000000000000 -0.000000000000000 -0.000000000000000 0.000000000000001 0.000000000000000 -0.000000000000001 -0.000000000000002 -0.000000000000001 -0.000000000000000 0.000000000000001 -0.000000000000001 0.000000000000000 0.000000000000001 0.124999999999999 -0.000000000000001 -0.000000000000001 0.249999999999999 -0.374999999999999 0.000000000000002 0.000000000000001 -0.000000000000001 0.000000000000000 -0.000000000000000 0.000000000000000 0.000000000000000 -0.000000000000000 -0.000000000000000 0.000000000000002
-0.011079676722160 0.011079676722160 0.001771058278874 0.000316630447713 -0.009625248890998 0.000105543482571 0.010839875920599 0.001895570084616 0.002882197792346 -0.000000000000003 0.000000000000002 0.257930290409556 0.120295115359037 0.055789404422452 0.000000000000000 -0.003225486110033 -0.013685740023516 0.004670571103107 0.028014083780546 0.004776114585677 -0.004881658068247 0.019784181756603 0.061248115354415 -0.010839875920610 -0.002882197792351 -0.016376272183442 -0.004777767876961 -0.013494074391092 -0.001895570084607 -0.008716306514134 -0.001895570084608 -0.001895570084610 -0.001895570084608 -0.393669895375470 -0.045270081160496 -0.047073097908321 0.000000000000000 0.055789404422453 -0.000000000000000 -0.000000000000000 -0.055789404422453 -0.000000000000000 0.044709727700291
-0.012433259463865 0.012433259463866 0.004452125765665 -0.000294958005974 -0.007686175692222 -0.000098319335326 0.011707724523014 -0.000322875268326 -0.000099840724678 -0.000000000000002 -0.000000000000000 0.120295115359036 0.159550561037879 0.075659237766849 0.000000000000001 -0.009199209537303 -0.007420494751637 0.005267957513652 0.022929409286615 0.005169638178325 -0.005071318843001 0.023738324314351 0.070892097674736 -0.011707724523020 0.000099840724682 -0.007709528786506 0.000422715993000 -0.007809369511188 0.000322875268322 -0.008232085504189 0.000322875268320 0.000322875268319 0.000322875268319 -0.081362544948519 -0.283020205256074 -0.067427152262656 0.000000000000000 0.075659237766845 -0.000000000000000 0.000000000000000 -0.075659237766845 0.000000000000001 0.063225978302980
-0.003620730622742 0.003620730622740 0.009352851277115 -0.001615929222221 0.007348049876594 -0.000538643074072 0.020822155967874 0.022731123261562 -0.004112236955586 0.000000000000003 -0.000000000000001 0.055789404422453 0.075659237766848 0.066290885561061 0.000000000000001 -0.020321631776452 0.020276472273504 0.002349502695015 -0.014843893410677 0.001810859620943 -0.001272216546869 0.018913188674192 0.079470689284134 -0.020822155967876 0.004112236955581 0.042415884004897 -0.018618886305980 0.038303647049318 -0.022731123261561 0.056922533355293 -0.022731123261557 -0.022731123261558 -0.022731123261559 -0.013188447816502 -0.082166300055456 -0.123213418916365 0.000000000000000 0.066290885561070 -0.000000000000001 -0.000000000000001 -0.066290885561069 -0.000000000000001 0.062670154938329
-0.000000000000001 -0.000000000000002 -0.000000000000000 -0.000000000000002 0.000000000000001 -0.000000000000001 -0.000000000000000 -0.000000000000002 -0.000000000000001 0.000000000000000 -0.000000000000000 0.000000000000000 0.000000000000001 0.000000000000002 0.125000000000004 -0.000000000000000 -0.000000000000001 0.000000000000000 -0.000000000000000 -0.000000000000001 0.000000000000000 0.000000000000000 0.000000000000000 0.000000000000000 -0.000000000000000 0.000000000000000 -0.000000000000000 -0.000000000000000 0.000000000000000 -0.000000000000000 -0.000000000000000 0.000000000000000 -0.000000000000000 0.000000000000001 0.000000000000001 0.000000000000001 0.000000000000000 0.125000000000001 0.249999999999998 -0.125000000000001 0.124999999999998 -0.000000000000002 -0.000000000000002
0.166763084136235 -0.166763084136238 -0.346482408037310 -0.102890567627868 -0.076828756273209 -0.034296855875954 0.007007345391188 0.006321499249860 -0.032741703757888 0.000000000000001 0.000000000000000 -0.003225486110033 -0.009199209537303 -0.020321631776452 -0.000000000000000 0.590074248446758 -0.082542114072004 0.036496364396983 0.089140639635089 0.002199508521029 0.032097347354926 0.007693191532516 0.029401073847407 -0.007007345391187 0.032741703757890 0.027717854250317 0.026420204508029 -0.005023849507573 -0.006321499249862 -0.031444054015600 -0.006321499249862 -0.006321499249862 -0.006321499249861 0.003573261932627 0.010372009975287 0.051765685792052 0.000000000000000 -0.020321631776452 0.000000000000000 -0.000000000000000 0.020321631776452 0.000000000000000 0.146441452359786
-0.002881799763442 0.002881799763443 -0.068041625522494 -0.218625365116995 0.147701939831055 -0.072875121705662 -0.025158561668799 -0.024735494109408 0.050257512313595 0.000000000000000 -0.000000000000000 -0.013685740023516 -0.007420494751637 0.020276472273504 -0.000000000000001 -0.082542114072004 0.836882041244637 0.044404611826216 0.077706429117026 -0.028470509879446 0.101345631585109 -0.025581629228189 -0.101480381793976 0.025158561668799 -0.050257512313594 -0.027806091219135 -0.025522018204185 0.022451421094459 0.024735494109408 0.047973439298644 0.024735494109408 0.024735494109409 0.024735494109409 -0.004784508814013 0.004116722395489 -0.068249911572148 0.000000000000000 0.020276472273504 0.000000000000000 0.000000000000000 -0.020276472273504 0.000000000000000 0.017394672510061
-0.060564796515968 0.060564796515969 -0.088579410743602 -0.140662457090223 -0.008481750169348 0.286445847636595 0.003873900755860 0.004033141745393 0.000153485445062 0.000000000000000 -0.000000000000000 0.004670571103107 0.005267957513652 0.002349502695015 0.000000000000000 0.036496364396983 0.044404611826216 0.707629903258298 -0.062177359141538 -0.005924249105107 -0.280521598531487 0.003714659766322 0.015177121044363 -0.003873900755859 -0.000153485445063 -0.004909064759141 -0.004186627190459 -0.004755579314079 -0.004033141745396 -0.000568952123619 -0.004033141745397 -0.004033141745396 -0.004033141745396 -0.000040042947164 -0.004750656997434 -0.001780550571397 0.000000000000000 0.002349502695016 0.000000000000000 0.000000000000000 -0.002349502695016 0.000000000000000 -0.058215293820953
-0.168805309030379 0.168805309030381 -0.081862367814038 -0.074584095992987 -0.176083580851425 -0.024861365330995 0.038476382819216 0.038593562839540 -0.046279259064390 -0.000000000000001 0.000000000000001 0.028014083780546 0.022929409286615 -0.014843893410677 -0.000000000000000 0.089140639635089 0.077706429117026 -0.062177359141538 0.661177397465373 -0.087038724472533 0.111900089803530 0.038359202798896 0.153671171236226 -0.038476382819218 0.046279259064386 0.001347759181267 0.007685696224847 -0.044931499883120 -0.038593562839537 -0.052617196107967 -0.038593562839538 -0.038593562839538 -0.038593562839538 0.005494804565057 -0.017024474650433 0.067461089518646 0.000000000000000 -0.014843893410677 -0.000000000000000 0.000000000000000 0.014843893410677 0.000000000000000 -0.183649202441058
-0.057229036264607 0.057229036264608 -0.049967997778844 -0.097736487036658 -0.009460547006789 -0.365912162345552 0.004439273716806 0.004619356243378 0.001326084416400 0.000000000000000 0.000000000000000 0.004776114585677 0.005169638178325 0.001810859620943 -0.000000000000001 0.002199508521029 -0.028470509879446 -0.005924249105107 -0.087038724472533 0.628163588549341 -0.262251426203787 0.004259191190235 0.017396929814083 -0.004439273716806 -0.001326084416403 -0.008819444012623 -0.005945440659779 -0.007493359596220 -0.004619356243377 -0.001547918936441 -0.004619356243376 -0.004619356243376 -0.004619356243376 0.000236765250348 -0.004302584084982 -0.000262940684501 0.000000000000000 0.001810859620942 0.000000000000000 0.000000000000000 -0.001810859620942 0.000000000000000 -0.055418176643665
0.053893276013246 -0.053893276013247 0.011356584814087 0.054810516983100 0.010439343844233 0.018270172327700 -0.005004646677750 -0.005205570741361 -0.002498683387742 0.000000000000001 -0.000000000000001 -0.004881658068247 -0.005071318843001 -0.001272216546868 0.000000000000000 0.032097347354926 0.101345631585109 -0.280521598531487 0.111900089803530 -0.262251426203787 0.243981253876087 -0.004803722614151 -0.019616738583805 0.005004646677754 0.002498683387742 0.012729823266104 0.007704254129099 0.010231139878363 0.005205570741356 0.002526885749263 0.005205570741357 0.005205570741357 0.005205570741356 -0.000513573447859 0.003854511172529 -0.001254669202395 0.000000000000000 -0.001272216546869 -0.000000000000000 -0.000000000000000 0.001272216546868 0.000000000000000 0.052621059466380
-0.008183932266300 0.008183932266301 -0.003029798630387 0.001633594271742 -0.012847325168428 0.000544531423914 0.302626440213206 0.018926657642043 0.010917937081632 0.000000000000002 -0.000000000000002 0.019784181756603 0.023738324314351 0.018913188674192 -0.000000000000000 0.007693191532516 -0.025581629228189 0.003714659766322 0.038359202798896 0.004259191190235 -0.004803722614151 0.586326222784362 -0.222094674004865 -0.302626440213205 -0.010917937081630 -0.026674478771272 -0.029844594723674 -0.015756541689641 -0.018926657642046 0.014088053034031 -0.018926657642046 -0.018926657642044 -0.018926657642046 0.003096618443193 -0.013590944870217 -0.033001241708226 0.000000000000000 0.018913188674193 0.000000000000000 -0.000000000000000 -0.018913188674193 -0.000000000000001 0.010729256407891
-0.032484290435272 0.032484290435275 -0.011370823769120 0.006659426309165 -0.050514540513558 0.002219808769720 -0.064797890483959 0.092498893036949 0.046433964666811 0.000000000000000 -0.000000000000001 0.061248115354415 0.070892097674736 0.079470689284135 -0.000000000000000 0.029401073847407 -0.101480381793976 0.015177121044363 0.153671171236226 0.017396929814083 -0.019616738583805 -0.222094674004865 0.426214871022357 0.064797890483954 -0.046433964666810 -0.097317541477033 -0.138932857703760 -0.050883576810222 -0.092498893036950 0.088049280893536 -0.092498893036951 -0.092498893036949 -0.092498893036950 0.040894760002856 0.020541404651297 -0.167519970177674 0.000000000000000 0.079470689284136 0.000000000000000 0.000000000000000 -0.079470689284136 -0.000000000000000 0.046986398848862
0.008058212951337 -0.008058212951336 0.002655613254173 -0.001696118882840 0.012409945088354 -0.000565372960947 -0.164974614544816 -0.027322788876405 -0.012299045251777 0.000000000000001 -0.000000000000000 -0.010839875920610 -0.011707724523021 -0.020822155967876 -0.000000000000000 -0.007007345391187 0.025158561668799 -0.003873900755859 -0.038476382819218 -0.004439273716806 0.005004646677754 -0.302626440213205 0.064797890483954 0.164974614544820 0.012299045251775 0.021984291967245 0.039621834128206 0.009685246715470 0.027322788876429 -0.029936587412735 0.027322788876430 0.027322788876430 0.027322788876430 -0.017350761558240 -0.023861647195869 0.050758743380611 0.000000000000000 -0.020822155967876 0.000000000000000 0.000000000000000 0.020822155967875 -0.000000000000001 -0.012763943016543
-0.030567882685506 0.030567882685509 -0.018129750335954 -0.003517796914020 -0.045179836107441 -0.001172598971340 -0.012299045251775 -0.013680153421921 -0.080664776137771 -0.000000000000000 0.000000000000001 -0.002882197792351 0.000099840724681 0.004112236955581 -0.000000000000000 0.032741703757890 -0.050257512313594 -0.000153485445063 0.046279259064386 -0.001326084416403 0.002498683387742 -0.010917937081630 -0.046433964666810 0.012299045251775 0.080664776137764 0.183134338883932 0.094344929559683 0.102469562746169 0.013680153421921 0.008124633186483 0.013680153421921 0.013680153421920 0.013680153421921 -0.007815917112540 -0.012749636432728 -0.012236870142066 0.000000000000000 0.004112236955582 0.000000000000000 0.000000000000000 -0.004112236955582 0.000000000000001 -0.026455645729926
-0.048011473516260 0.048011473516261 -0.019724496005381 -0.011731137760445 -0.056004831761196 -0.003910379253482 -0.021984291967245 -0.017294105163220 -0.183134338883937 0.000000000000001 -0.000000000000001 -0.016376272183442 -0.007709528786506 0.042415884004898 0.000000000000000 0.027717854250317 -0.027806091219135 -0.004909064759141 0.001347759181267 -0.008819444012623 0.012729823266104 -0.026674478771272 -0.097317541477033 0.021984291967245 0.183134338883932 0.476104079727388 0.200428444047151 0.292969740843456 0.017294105163218 0.092541296796304 0.017294105163218 0.017294105163219 0.017294105163218 0.007748910417160 0.031874093017761 -0.134957180801202 0.000000000000000 0.042415884004898 -0.000000000000000 0.000000000000000 -0.042415884004898 0.000000000000001 -0.005595589511362
-0.022635389049135 0.022635389049138 -0.015848322457994 -0.005276440407959 -0.033207271099169 -0.001758813469320 -0.039621834128206 -0.049399073532730 -0.094344929559687 -0.000000000000000 0.000000000000000 -0.004777767876961 0.000422715993001 -0.018618886305980 -0.000000000000001 0.026420204508029 -0.025522018204185 -0.004186627190459 0.007685696224847 -0.005945440659779 0.007704254129099 -0.029844594723674 -0.138932857703760 0.039621834128206 0.094344929559683 0.200428444047151 0.143744003092422 0.106083514487467 0.049399073532737 -0.037660488604954 0.049399073532735 0.049399073532736 0.049399073532736 -0.039420821785818 -0.074063875694675 0.056279374910930 0.000000000000000 -0.018618886305977 0.000000000000000 0.000000000000000 0.018618886305977 0.000000000000000 -0.041254275355116
-0.017443590830753 0.017443590830753 -0.001594745669427 -0.008213340846427 -0.010824995653753 -0.002737780282141 -0.009685246715471 -0.003613951741295 -0.102469562746168 -0.000000000000001 0.000000000000001 -0.013494074391092 -0.007809369511189 0.038303647049317 0.000000000000000 -0.005023849507573 0.022451421094459 -0.004755579314079 -0.044931499883120 -0.007493359596220 0.010231139878363 -0.015756541689641 -0.050883576810222 0.009685246715470 0.102469562746169 0.292969740843456 0.106083514487467 0.190500178097285 0.003613951741298 0.084416663609820 0.003613951741296 0.003613951741297 0.003613951741298 0.015564827529698 0.044623729450489 -0.122720310659136 0.000000000000000 0.038303647049316 0.000000000000000 0.000000000000000 -0.038303647049316 -0.000000000000000 0.020860056218562
0.007932493636370 -0.007932493636372 0.002281427877961 -0.001758643493940 0.011972565008272 -0.000586214497981 -0.027322788876428 -0.035718920110817 -0.013680153421921 0.375000000000000 0.125000000000000 -0.001895570084607 0.000322875268322 -0.022731123261561 -0.000000000000000 -0.006321499249862 0.024735494109408 -0.004033141745396 -0.038593562839537 -0.004619356243377 0.005205570741356 -0.018926657642046 -0.092498893036950 0.027322788876429 0.013680153421921 0.017294105163218 0.049399073532737 0.003613951741298 0.410718920110815 -0.045785121791440 0.035718920110816 -0.214281079889185 -0.089281079889185 -0.031604904673276 -0.061314239261944 0.068516245052997 0.000000000000000 -0.022731123261559 0.000000000000000 0.000000000000000 0.022731123261559 -0.000000000000000 -0.014798629625186
0.005191798218383 -0.005191798218384 0.014253576788568 -0.002936900438465 0.022382275445416 -0.000978966812822 0.029936587412738 0.045785121791443 -0.008124633186483 0.000000000000003 -0.000000000000001 -0.008716306514134 -0.008232085504189 0.056922533355293 -0.000000000000001 -0.031444054015600 0.047973439298644 -0.000568952123619 -0.052617196107967 -0.001547918936441 0.002526885749263 0.014088053034031 0.088049280893536 -0.029936587412735 0.008124633186483 0.092541296796304 -0.037660488604954 0.084416663609820 -0.045785121791440 0.122077152214774 -0.045785121791437 -0.045785121791437 -0.045785121791438 0.054985649315515 0.118687605145163 -0.178999685570068 0.000000000000000 0.056922533355294 0.000000000000000 0.000000000000000 -0.056922533355293 -0.000000000000000 0.062114331573678
0.007932493636371 -0.007932493636371 0.002281427877961 -0.001758643493940 0.011972565008271 -0.000586214497979 -0.027322788876429 -0.035718920110815 -0.013680153421920 0.000000000000000 -0.000000000000001 -0.001895570084608 0.000322875268320 -0.022731123261557 0.000000000000000 -0.006321499249862 0.024735494109408 -0.004033141745397 -0.038593562839538 -0.004619356243376 0.005205570741357 -0.018926657642046 -0.092498893036951 0.027322788876430 0.013680153421921 0.017294105163218 0.049399073532735 0.003613951741296 0.035718920110816 -0.045785121791437 0.035718920110815 0.035718920110816 0.035718920110814 -0.031604904673276 -0.061314239261945 0.068516245052998 0.000000000000000 -0.022731123261559 0.000000000000000 -0.000000000000000 0.022731123261559 -0.000000000000000 -0.014798629625186
0.007932493636371 -0.007932493636372 0.002281427877961 -0.001758643493939 0.011972565008271 -0.000586214497980 -0.027322788876431 -0.035718920110809 -0.013680153421920 -0.249999999999999 0.249999999999999 -0.001895570084610 0.000322875268319 -0.022731123261558 -0.000000000000000 -0.006321499249862 0.024735494109409 -0.004033141745396 -0.038593562839538 -0.004619356243376 0.005205570741357 -0.018926657642044 -0.092498893036949 0.027322788876430 0.013680153421920 0.017294105163219 0.049399073532736 0.003613951741297 -0.214281079889185 -0.045785121791437 0.035718920110816 0.535718920110817 -0.214281079889185 -0.031604904673278 -0.061314239261946 0.068516245052999 0.000000000000000 -0.022731123261559 0.000000000000000 0.000000000000000 0.022731123261559 -0.000000000000000 -0.014798629625188
0.007932493636370 -0.007932493636372 0.002281427877962 -0.001758643493940 0.011972565008271 -0.000586214497980 -0.027322788876428 -0.035718920110817 -0.013680153421920 -0.125000000000000 -0.374999999999999 -0.001895570084608 0.000322875268320 -0.022731123261559 0.000000000000000 -0.006321499249861 0.024735494109409 -0.004033141745396 -0.038593562839538 -0.004619356243376 0.005205570741356 -0.018926657642046 -0.092498893036950 0.027322788876430 0.013680153421921 0.017294105163218 0.049399073532736 0.003613951741298 -0.089281079889185 -0.045785121791438 0.035718920110814 -0.214281079889185 0.410718920110816 -0.031604904673276 -0.061314239261945 0.068516245052998 0.000000000000000 -0.022731123261559 0.000000000000000 0.000000000000000 0.022731123261559 -0.000000000000000 -0.014798629625186
0.001793600344083 -0.001793600344083 -0.001371418670044 0.000830424592537 -0.000408242918496 0.000276808197512 0.017350761558230 0.031604904673281 0.007815917112537 -0.000000000000003 0.000000000000002 -0.393669895375470 -0.081362544948518 -0.013188447816502 0.000000000000001 0.003573261932627 -0.004784508814013 -0.000040042947164 0.005494804565057 0.000236765250348 -0.000513573447859 0.003096618443193 0.040894760002856 -0.017350761558240 -0.007815917112540 0.007748910417160 -0.039420821785818 0.015564827529698 -0.031604904673276 0.054985649315515 -0.031604904673276 -0.031604904673278 -0.031604904673276 0.737582150475695 -0.131165803673140 -0.041797201499014 0.000000000000000 -0.013188447816502 -0.000000000000000 -0.000000000000000 0.013188447816501 -0.000000000000000 -0.011394847472420
0.014666877410326 -0.014666877410325 -0.004513895618963 0.001344218737360 0.008808763054006 0.000448072912452 0.023861647195860 0.061314239261946 0.012749636432727 -0.000000000000002 0.000000000000001 -0.045270081160496 -0.283020205256074 -0.082166300055455 0.000000000000001 0.010372009975287 0.004116722395489 -0.004750656997434 -0.017024474650433 -0.004302584084982 0.003854511172529 -0.013590944870217 0.020541404651297 -0.023861647195869 -0.012749636432728 0.031874093017761 -0.074063875694675 0.044623729450489 -0.061314239261944 0.118687605145163 -0.061314239261945 -0.061314239261946 -0.061314239261945 -0.131165803673140 0.782938473814216 -0.036521305089708 0.000000000000000 -0.082166300055456 -0.000000000000000 -0.000000000000000 0.082166300055455 -0.000000000000000 -0.067499422645131
-0.001571067595640 0.001571067595644 -0.023606428065683 0.004552829660688 -0.029730325322010 0.001517609886896 -0.050758743380610 -0.068516245052997 0.012236870142065 0.000000000000002 -0.000000000000001 -0.047073097908321 -0.067427152262655 -0.123213418916365 0.000000000000001 0.051765685792052 -0.068249911572148 -0.001780550571397 0.067461089518646 -0.000262940684501 -0.001254669202395 -0.033001241708226 -0.167519970177674 0.050758743380611 -0.012236870142066 -0.134957180801202 0.056279374910930 -0.122720310659136 0.068516245052997 -0.178999685570068 0.068516245052998 0.068516245052999 0.068516245052998 -0.041797201499014 -0.036521305089708 0.302213104486429 0.000000000000000 -0.123213418916363 -0.000000000000000 -0.000000000000000 0.123213418916363 -0.000000000000000 -0.124784486512006
0.000000000000000 0.000000000000000 0.000000000000000 0.000000000000000 0.000000000000000 0.000000000000000 0.000000000000000 0.000000000000000 0.000000000000000 0.000000000000000 0.000000000000000 0.000000000000000 0.000000000000000 0.000000000000000 0.000000000000000 0.000000000000000 0.000000000000000 0.000000000000000 0.000000000000000 0.000000000000000 0.000000000000000 0.000000000000000 0.000000000000000 0.000000000000000 0.000000000000000 0.000000000000000 0.000000000000000 0.000000000000000 0.000000000000000 0.000000000000000 0.000000000000000 0.000000000000000 0.000000000000000 0.000000000000000 0.000000000000000 0.000000000000000 0.000000000000000 0.000000000000000 0.000000000000000 0.000000000000000 0.000000000000000 0.000000000000000 0.000000000000000
-0.003620730622742 0.003620730622740 0.009352851277115 -0.001615929222221 0.007348049876595 -0.000538643074073 0.020822155967875 0.022731123261560 -0.004112236955581 0.000000000000000 -0.000000000000000 0.055789404422453 0.075659237766845 0.066290885561070 0.125000000000000 -0.020321631776452 0.020276472273504 0.002349502695016 -0.014843893410677 0.001810859620942 -0.001272216546869 0.018913188674193 0.079470689284136 -0.020822155967876 0.004112236955582 0.042415884004898 -0.018618886305977 0.038303647049316 -0.022731123261559 0.056922533355294 -0.022731123261559 -0.022731123261559 -0.022731123261559 -0.013188447816502 -0.082166300055456 -0.123213418916363 0.000000000000000 0.191290885561069 0.250000000000000 -0.125000000000000 0.058709114438931 0.000000000000000 0.062670154938328
0.000000000000000 0.000000000000001 0.000000000000000 0.000000000000000 -0.000000000000000 0.000000000000000 0.000000000000000 0.000000000000000 -0.000000000000000 0.000000000000000 0.000000000000000 -0.000000000000000 -0.000000000000000 -0.000000000000001 0.249999999999998 0.000000000000000 0.000000000000000 0.000000000000000 -0.000000000000000 0.000000000000000 -0.000000000000000 0.000000000000000 0.000000000000000 0.000000000000000 0.000000000000000 -0.000000000000000 0.000000000000000 0.000000000000000 0.000000000000000 0.000000000000000 0.000000000000000 0.000000000000000 0.000000000000000 -0.000000000000000 -0.000000000000000 -0.000000000000000 0.000000000000000 0.250000000000000 0.500000000000000 -0.250000000000000 0.250000000000001 0.000000000000001 0.000000000000000
0.000000000000000 -0.000000000000000 -0.000000000000000 0.000000000000000 -0.000000000000000 0.000000000000000 0.000000000000000 0.000000000000000 0.000000000000000 0.000000000000000 0.000000000000000 -0.000000000000000 0.000000000000000 -0.000000000000001 -0.125000000000001 -0.000000000000000 0.000000000000000 0.000000000000000 0.000000000000000 0.000000000000000 -0.000000000000000 -0.000000000000000 0.000000000000000 0.000000000000000 0.000000000000000 0.000000000000000 0.000000000000000 0.000000000000000 0.000000000000000 0.000000000000000 -0.000000000000000 0.000000000000000 0.000000000000000 -0.000000000000000 -0.000000000000000 -0.000000000000000 0.000000000000000 -0.125000000000000 -0.250000000000000 0.124999999999999 -0.125000000000000 0.000000000000000 0.000000000000000
0.003620730622742 -0.003620730622740 -0.009352851277115 0.001615929222221 -0.007348049876595 0.000538643074074 -0.020822155967875 -0.022731123261559 0.004112236955582 -0.000000000000000 -0.000000000000000 -0.055789404422453 -0.075659237766845 -0.066290885561070 0.124999999999997 0.020321631776452 -0.020276472273504 -0.002349502695016 0.014843893410677 -0.001810859620942 0.001272216546868 -0.018913188674193 -0.079470689284136 0.020822155967875 -0.004112236955582 -0.042415884004898 0.018618886305977 -0.038303647049316 0.022731123261559 -0.056922533355293 0.022731123261559 0.022731123261559 0.022731123261559 0.013188447816501 0.082166300055455 0.123213418916363 0.000000000000000 0.058709114438931 0.250000000000001 -0.125000000000000 0.191290885561070 0.000000000000001 -0.062670154938328
0.000000000000000 0.000000000000000 0.000000000000000 0.000000000000000 0.000000000000000 0.000000000000000 0.000000000000001 -0.000000000000000 0.000000000000001 0.000000000000000 -0.000000000000000 -0.000000000000000 0.000000000000001 -0.000000000000001 -0.000000000000002 0.000000000000000 0.000000000000000 0.000000000000000 0.000000000000000 0.000000000000000 0.000000000000000 -0.000000000000001 -0.000000000000000 -0.000000000000001 0.000000000000001 0.000000000000001 0.000000000000000 -0.000000000000000 -0.000000000000000 -0.000000000000000 -0.000000000000000 -0.000000000000000 -0.000000000000000 -0.000000000000000 -0.000000000000000 -0.000000000000000 0.000000000000000 0.000000000000000 0.000000000000001 0.000000000000000 0.000000000000001 0.000000000000000 0.000000000000000
0.136389119999050 -0.136389119999045 -0.069025050413963 0.008391351531860 0.058972718053230 0.002797117177288 0.012763943016537 0.014798629625192 0.026455645729922 -0.000000000000003 0.000000000000002 0.044709727700291 0.063225978302980 0.062670154938329 -0.000000000000002 0.146441452359786 0.017394672510061 -0.058215293820953 -0.183649202441058 -0.055418176643665 0.052621059466380 0.010729256407891 0.046986398848862 -0.012763943016543 -0.026455645729926 -0.005595589511362 -0.041254275355116 0.020860056218562 -0.014798629625186 0.062114331573678 -0.014798629625186 -0.014798629625188 -0.014798629625186 -0.011394847472420 -0.067499422645131 -0.124784486512006 0.000000000000000 0.062670154938328 0.000000000000000 0.000000000000000 -0.062670154938328 0.000000000000000 0.199059274937373
